---------- Total Discount Rewards ----------
Random2: -59.0940959041
SJF2: -24.5367998668
Packer2: -26.7906460206
Tetris2: -39.0274225774

---------- Average Job Slowdown ----------
Random2: 3.68965517241
SJF2: 1.47457627119
Packer2: 1.48214285714
Tetris2: 2.06451612903